		Project Name :	SKOH2 9Line E1127 J/C																																																																																																																																																																																																																																																																																																																																																																																		
		Project Start Date :	2026-02-10					10-Feb-26	11-Feb-26	12-Feb-26	13-Feb-26	14-Feb-26	15-Feb-26	16-Feb-26	17-Feb-26	18-Feb-26	19-Feb-26	20-Feb-26	21-Feb-26	22-Feb-26	23-Feb-26	24-Feb-26	25-Feb-26	26-Feb-26	27-Feb-26	28-Feb-26	01-Mar-26	02-Mar-26	03-Mar-26	04-Mar-26	05-Mar-26	06-Mar-26	07-Mar-26	08-Mar-26	09-Mar-26	10-Mar-26	11-Mar-26	12-Mar-26	13-Mar-26	14-Mar-26	15-Mar-26	16-Mar-26	17-Mar-26	18-Mar-26	19-Mar-26	20-Mar-26	21-Mar-26	22-Mar-26	23-Mar-26	24-Mar-26	25-Mar-26	26-Mar-26	27-Mar-26	28-Mar-26	29-Mar-26	30-Mar-26	31-Mar-26	01-Apr-26	02-Apr-26	03-Apr-26	04-Apr-26	05-Apr-26	06-Apr-26	07-Apr-26	08-Apr-26	09-Apr-26	10-Apr-26	11-Apr-26	12-Apr-26	13-Apr-26	14-Apr-26	15-Apr-26	16-Apr-26	17-Apr-26	18-Apr-26	19-Apr-26	20-Apr-26	21-Apr-26	22-Apr-26	23-Apr-26	24-Apr-26	25-Apr-26	26-Apr-26	27-Apr-26	28-Apr-26	29-Apr-26	30-Apr-26	01-May-26	02-May-26	03-May-26	04-May-26	05-May-26	06-May-26	07-May-26	08-May-26	09-May-26	10-May-26	11-May-26	12-May-26	13-May-26	14-May-26	15-May-26	16-May-26	17-May-26	18-May-26	19-May-26	20-May-26	21-May-26	22-May-26	23-May-26	24-May-26	25-May-26	26-May-26	27-May-26	28-May-26	29-May-26	30-May-26	31-May-26	01-Jun-26	02-Jun-26	03-Jun-26	04-Jun-26	05-Jun-26	06-Jun-26	07-Jun-26	08-Jun-26	09-Jun-26	10-Jun-26	11-Jun-26	12-Jun-26	13-Jun-26	14-Jun-26	15-Jun-26	16-Jun-26	17-Jun-26	18-Jun-26	19-Jun-26	20-Jun-26	21-Jun-26	22-Jun-26	23-Jun-26	24-Jun-26	25-Jun-26	26-Jun-26	27-Jun-26	28-Jun-26	29-Jun-26	30-Jun-26	01-Jul-26	02-Jul-26	03-Jul-26	04-Jul-26	05-Jul-26	06-Jul-26	07-Jul-26	08-Jul-26	09-Jul-26	10-Jul-26	11-Jul-26	12-Jul-26	13-Jul-26	14-Jul-26	15-Jul-26	16-Jul-26	17-Jul-26	18-Jul-26	19-Jul-26	20-Jul-26	21-Jul-26	22-Jul-26	23-Jul-26	24-Jul-26	25-Jul-26	26-Jul-26	27-Jul-26	28-Jul-26	29-Jul-26	30-Jul-26	31-Jul-26	01-Aug-26	02-Aug-26	03-Aug-26	04-Aug-26	05-Aug-26	06-Aug-26	07-Aug-26	08-Aug-26	09-Aug-26	10-Aug-26	11-Aug-26	12-Aug-26	13-Aug-26	14-Aug-26	15-Aug-26	16-Aug-26	17-Aug-26	18-Aug-26	19-Aug-26	20-Aug-26	21-Aug-26	22-Aug-26	23-Aug-26	24-Aug-26	25-Aug-26	26-Aug-26	27-Aug-26	28-Aug-26	29-Aug-26	30-Aug-26	31-Aug-26	01-Sep-26	02-Sep-26	03-Sep-26	04-Sep-26	05-Sep-26	06-Sep-26	07-Sep-26	08-Sep-26	09-Sep-26	10-Sep-26	11-Sep-26	12-Sep-26	13-Sep-26	14-Sep-26	15-Sep-26	16-Sep-26	17-Sep-26	18-Sep-26	19-Sep-26	20-Sep-26	21-Sep-26	22-Sep-26	23-Sep-26	24-Sep-26	25-Sep-26	26-Sep-26	27-Sep-26	28-Sep-26	29-Sep-26	30-Sep-26	01-Oct-26	02-Oct-26	03-Oct-26	04-Oct-26	05-Oct-26	06-Oct-26	07-Oct-26	08-Oct-26	09-Oct-26	10-Oct-26	11-Oct-26	12-Oct-26	13-Oct-26	14-Oct-26	15-Oct-26	16-Oct-26	17-Oct-26	18-Oct-26	19-Oct-26	20-Oct-26	21-Oct-26	22-Oct-26	23-Oct-26	24-Oct-26	25-Oct-26	26-Oct-26	27-Oct-26	28-Oct-26	29-Oct-26	30-Oct-26	31-Oct-26	01-Nov-26	02-Nov-26	03-Nov-26	04-Nov-26	05-Nov-26	06-Nov-26	07-Nov-26	08-Nov-26	09-Nov-26	10-Nov-26	11-Nov-26	12-Nov-26	13-Nov-26	14-Nov-26	15-Nov-26	16-Nov-26	17-Nov-26	18-Nov-26	19-Nov-26	20-Nov-26	21-Nov-26	22-Nov-26	23-Nov-26	24-Nov-26	25-Nov-26	26-Nov-26	27-Nov-26	28-Nov-26	29-Nov-26	30-Nov-26	01-Dec-26	02-Dec-26	03-Dec-26	04-Dec-26	05-Dec-26	06-Dec-26	07-Dec-26	08-Dec-26	09-Dec-26	10-Dec-26	11-Dec-26	12-Dec-26	13-Dec-26	14-Dec-26	15-Dec-26	16-Dec-26	17-Dec-26	18-Dec-26	19-Dec-26	20-Dec-26	21-Dec-26	22-Dec-26	23-Dec-26	24-Dec-26	25-Dec-26	26-Dec-26	27-Dec-26	28-Dec-26	29-Dec-26	30-Dec-26	31-Dec-26	01-Jan-27	02-Jan-27	03-Jan-27	04-Jan-27	05-Jan-27	06-Jan-27	07-Jan-27	08-Jan-27	09-Jan-27	10-Jan-27	11-Jan-27	12-Jan-27	13-Jan-27	14-Jan-27	15-Jan-27	16-Jan-27	17-Jan-27	18-Jan-27	19-Jan-27	20-Jan-27	21-Jan-27	22-Jan-27	23-Jan-27	24-Jan-27	25-Jan-27	26-Jan-27	27-Jan-27	28-Jan-27	29-Jan-27	30-Jan-27	31-Jan-27	01-Feb-27	02-Feb-27	03-Feb-27	04-Feb-27	05-Feb-27	06-Feb-27	07-Feb-27	08-Feb-27	09-Feb-27	
																																																																																																																																																																																																																																																																																																																																																																																					
																																																																																																																																																																																																																																																																																																																																																																																					
	Line	Equipment	Activity		Start	End	Duration																																																																																																																																																																																																																																																																																																																																																																														
	9	"Notcher
(6대)"	설계 및 내부 DR		02월 10일	02월 23일	14																																																																																																																																																																																																																																																																																																																																																																														
			고객사 DR		02월 24일	02월 24일	1																																																																																																																																																																																																																																																																																																																																																																														
			발주/제작		02월 25일	04월 30일	65																																																																																																																																																																																																																																																																																																																																																																														
			하네스 작업 품목 선입고			01월 00일	1																																																																																																																																																																																																																																																																																																																																																																														
			하네스 작업			01월 13일	14																																																																																																																																																																																																																																																																																																																																																																														
			본사 입고		04월 30일	04월 30일	1																																																																																																																																																																																																																																																																																																																																																																														
			발송 준비		05월 01일	05월 03일	3																																																																																																																																																																																																																																																																																																																																																																														
			FOB		05월 04일	07월 06일	64																																																																																																																																																																																																																																																																																																																																																																														
			현장 반입		07월 06일	07월 08일	3																																																																																																																																																																																																																																																																																																																																																																														
			고객사 형교환 툴 부칙		07월 06일	07월 11일	6																																																																																																																																																																																																																																																																																																																																																																														
			J/C		07월 15일	07월 26일	12																																																																																																																																																																																																																																																																																																																																																																														
			공정셋팅 + 인증		07월 27일	08월 16일	21																																																																																																																																																																																																																																																																																																																																																																														
			양산대응		08월 17일	08월 30일	14																																																																																																																																																																																																																																																																																																																																																																														
			Manpower		Personnel	Total	Peak																																																																																																																																																																																																																																																																																																																																																																														
					Mechanical	82	3																																																																																																																																																												2	2	2	2		3	3	3	3	3	3		3	3	3	3	3	3		2	2	2	2	2	2		2	2	2	2	2	2		1	1	1	1	1	1	1	1	1	1	1	1	1	1																																																																																																																																																																				
					Vision	68	4																																																																																																																																																																	4	4	4	4	4	4		2	2	2	2	2	2		2	2	2	2	2	2		1	1	1	1	1	1		1	1	1	1	1	1	1	1	1	1	1	1	1	1																																																																																																																																																																				
					Control	38	1																																																																																																																																																																	1	1	1	1	1	1		1	1	1	1	1	1		1	1	1	1	1	1		1	1	1	1	1	1		1	1	1	1	1	1	1	1	1	1	1	1	1	1																																																																																																																																																																				
					Electronical	12	2																																																																																																																																																										2	2	2	2	2	2																																																																																																																																																																																																															
					Safety Manager (소장)	30	1																																																																																																																																																										1	1	1	1	1	1		1	1	1	1	1	1		1	1	1	1	1	1		1	1	1	1	1	1		1	1	1	1	1	1																																																																																																																																																																																			
					Supervisor (탈,부착)	6	1																																																																																																																																																			1	1	1	1	1	1																																																																																																																																																																																																																						
					0	0	0																																																																																																																																																																																																																																																																																																																																																																														
					0	0	0																																																																																																																																																																																																																																																																																																																																																																														
					0	0	0																																																																																																																																																																																																																																																																																																																																																																														
					0	0	0																																																																																																																																																																																																																																																																																																																																																																														
					0	0	0																																																																																																																																																																																																																																																																																																																																																																														
					0	0	0																																																																																																																																																																																																																																																																																																																																																																														
	9	"Stacker
(9대)"	설계 및 내부 DR		02월 20일	03월 05일	14																																																																																																																																																																																																																																																																																																																																																																														
			고객사 DR		03월 09일	03월 09일	1																																																																																																																																																																																																																																																																																																																																																																														
			발주/제작		03월 09일	04월 30일	53																																																																																																																																																																																																																																																																																																																																																																														
			하네스 작업 품목 선입고		04월 17일	04월 17일	1																																																																																																																																																																																																																																																																																																																																																																														
			하네스 작업		04월 18일	05월 03일	16																																																																																																																																																																																																																																																																																																																																																																														
			본사 입고		04월 30일	04월 30일	1																																																																																																																																																																																																																																																																																																																																																																														
			발송 준비		05월 01일	05월 03일	3																																																																																																																																																																																																																																																																																																																																																																														
			FOB		05월 04일	06월 26일	54																																																																																																																																																																																																																																																																																																																																																																														
			현장 반입		06월 29일	06월 29일	1																																																																																																																																																																																																																																																																																																																																																																														
			J/C		07월 06일	07월 26일	21																																																																																																																																																																																																																																																																																																																																																																														
			인증		07월 27일	08월 16일	21																																																																																																																																																																																																																																																																																																																																																																														
			양산대응		08월 17일	08월 30일	14																																																																																																																																																																																																																																																																																																																																																																														
			Manpower		Personnel	Total	Peak																																																																																																																																																																																																																																																																																																																																																																														
					Mechanical	204	6																																																																																																																																												2							3	3	3	3	3	3		6	6	6	6	6	6		6	6	6	6	6	6		6	6	6	6	6	6		6	6	6	6	6	6		2	2	2	2	2	2		2	2	2	2	2	2	2	2	2	2	2	2	2	2																																																																																																																																																																				
					Vision	86	3																																																																																																																																																										3	3	3	3	3	3		3	3	3	3	3	3		3	3	3	3	3	3		2	2	2	2	2	2		1	1	1	1	1	1		1	1	1	1	1	1	1	1	1	1	1	1	1	1																																																																																																																																																																				
					Control	44	1																																																																																																																																																										1	1	1	1	1	1		1	1	1	1	1	1		1	1	1	1	1	1		1	1	1	1	1	1		1	1	1	1	1	1		1	1	1	1	1	1	1	1	1	1	1	1	1	1																																																																																																																																																																				
					Electronical	56	4																																																																																																																																																			4	4	4	4	4	4		4	4	2	2	2	2		4	4	4	4																																																																																																																																																																																																										
					Safety Manager (소장)	51	1																																																																																																																																												1							1	1	1	1	1	1		1	1	1	1	1	1		1	1	1	1	1	1		1	1	1	1	1	1		1	1	1	1	1	1		1	1	1	1	1	1		1	1	1	1	1	1	1	1	1	1	1	1	1	1																																																																																																																																																																				
					Supervisor (탈,부착)	12	1																																																																																																																																																			1	1	1	1	1	1		1	1	1	1	1	1																																																																																																																																																																																																															
	Line  ~		Grand Total Manpower		Personnel	Total	Peak																																																																																																																																																																																																																																																																																																																																																																														
					Mechanical	286	9	0	0	0	0	0	0	0	0	0	0	0	0	0	0	0	0	0	0	0	0	0	0	0	0	0	0	0	0	0	0	0	0	0	0	0	0	0	0	0	0	0	0	0	0	0	0	0	0	0	0	0	0	0	0	0	0	0	0	0	0	0	0	0	0	0	0	0	0	0	0	0	0	0	0	0	0	0	0	0	0	0	0	0	0	0	0	0	0	0	0	0	0	0	0	0	0	0	0	0	0	0	0	0	0	0	0	0	0	0	0	0	0	0	0	0	0	0	0	0	0	0	0	0	0	0	0	0	0	0	0	0	0	0	0	0	0	0	0	0	2	0	0	0	0	0	0	3	3	3	3	3	3	0	6	6	8	8	8	8	0	9	9	9	9	9	9	0	9	9	9	9	9	9	0	8	8	8	8	8	8	0	4	4	4	4	4	4	0	3	3	3	3	3	3	3	3	3	3	3	3	3	3	0	0	0	0	0	0	0	0	0	0	0	0	0	0	0	0	0	0	0	0	0	0	0	0	0	0	0	0	0	0	0	0	0	0	0	0	0	0	0	0	0	0	0	0	0	0	0	0	0	0	0	0	0	0	0	0	0	0	0	0	0	0	0	0	0	0	0	0	0	0	0	0	0	0	0	0	0	0	0	0	0	0	0	0	0	0	0	0	0	0	0	0	0	0	0	0	0	0	0	0	0	0	0	0	0	0	0	0	0	0	0	0	0	0	0	0	0	0	0	0	0	0	0	0	0	0	0	0	0	0	0	0	0	0	0	0	0	0	0	0	0	0	0	0	0	0	0	0	0	0	0	0	0	0	0	0	0	0	0	0	0	0	0	
					Vision	154	7	0	0	0	0	0	0	0	0	0	0	0	0	0	0	0	0	0	0	0	0	0	0	0	0	0	0	0	0	0	0	0	0	0	0	0	0	0	0	0	0	0	0	0	0	0	0	0	0	0	0	0	0	0	0	0	0	0	0	0	0	0	0	0	0	0	0	0	0	0	0	0	0	0	0	0	0	0	0	0	0	0	0	0	0	0	0	0	0	0	0	0	0	0	0	0	0	0	0	0	0	0	0	0	0	0	0	0	0	0	0	0	0	0	0	0	0	0	0	0	0	0	0	0	0	0	0	0	0	0	0	0	0	0	0	0	0	0	0	0	0	0	0	0	0	0	0	0	0	0	0	0	0	0	3	3	3	3	3	3	0	7	7	7	7	7	7	0	5	5	5	5	5	5	0	4	4	4	4	4	4	0	2	2	2	2	2	2	0	2	2	2	2	2	2	2	2	2	2	2	2	2	2	0	0	0	0	0	0	0	0	0	0	0	0	0	0	0	0	0	0	0	0	0	0	0	0	0	0	0	0	0	0	0	0	0	0	0	0	0	0	0	0	0	0	0	0	0	0	0	0	0	0	0	0	0	0	0	0	0	0	0	0	0	0	0	0	0	0	0	0	0	0	0	0	0	0	0	0	0	0	0	0	0	0	0	0	0	0	0	0	0	0	0	0	0	0	0	0	0	0	0	0	0	0	0	0	0	0	0	0	0	0	0	0	0	0	0	0	0	0	0	0	0	0	0	0	0	0	0	0	0	0	0	0	0	0	0	0	0	0	0	0	0	0	0	0	0	0	0	0	0	0	0	0	0	0	0	0	0	0	0	0	0	0	0	
					Control	82	2	0	0	0	0	0	0	0	0	0	0	0	0	0	0	0	0	0	0	0	0	0	0	0	0	0	0	0	0	0	0	0	0	0	0	0	0	0	0	0	0	0	0	0	0	0	0	0	0	0	0	0	0	0	0	0	0	0	0	0	0	0	0	0	0	0	0	0	0	0	0	0	0	0	0	0	0	0	0	0	0	0	0	0	0	0	0	0	0	0	0	0	0	0	0	0	0	0	0	0	0	0	0	0	0	0	0	0	0	0	0	0	0	0	0	0	0	0	0	0	0	0	0	0	0	0	0	0	0	0	0	0	0	0	0	0	0	0	0	0	0	0	0	0	0	0	0	0	0	0	0	0	0	0	1	1	1	1	1	1	0	2	2	2	2	2	2	0	2	2	2	2	2	2	0	2	2	2	2	2	2	0	2	2	2	2	2	2	0	2	2	2	2	2	2	2	2	2	2	2	2	2	2	0	0	0	0	0	0	0	0	0	0	0	0	0	0	0	0	0	0	0	0	0	0	0	0	0	0	0	0	0	0	0	0	0	0	0	0	0	0	0	0	0	0	0	0	0	0	0	0	0	0	0	0	0	0	0	0	0	0	0	0	0	0	0	0	0	0	0	0	0	0	0	0	0	0	0	0	0	0	0	0	0	0	0	0	0	0	0	0	0	0	0	0	0	0	0	0	0	0	0	0	0	0	0	0	0	0	0	0	0	0	0	0	0	0	0	0	0	0	0	0	0	0	0	0	0	0	0	0	0	0	0	0	0	0	0	0	0	0	0	0	0	0	0	0	0	0	0	0	0	0	0	0	0	0	0	0	0	0	0	0	0	0	0	
					Electronical	68	6	0	0	0	0	0	0	0	0	0	0	0	0	0	0	0	0	0	0	0	0	0	0	0	0	0	0	0	0	0	0	0	0	0	0	0	0	0	0	0	0	0	0	0	0	0	0	0	0	0	0	0	0	0	0	0	0	0	0	0	0	0	0	0	0	0	0	0	0	0	0	0	0	0	0	0	0	0	0	0	0	0	0	0	0	0	0	0	0	0	0	0	0	0	0	0	0	0	0	0	0	0	0	0	0	0	0	0	0	0	0	0	0	0	0	0	0	0	0	0	0	0	0	0	0	0	0	0	0	0	0	0	0	0	0	0	0	0	0	0	0	0	0	0	0	0	0	4	4	4	4	4	4	0	6	6	4	4	4	4	0	4	4	4	4	0	0	0	0	0	0	0	0	0	0	0	0	0	0	0	0	0	0	0	0	0	0	0	0	0	0	0	0	0	0	0	0	0	0	0	0	0	0	0	0	0	0	0	0	0	0	0	0	0	0	0	0	0	0	0	0	0	0	0	0	0	0	0	0	0	0	0	0	0	0	0	0	0	0	0	0	0	0	0	0	0	0	0	0	0	0	0	0	0	0	0	0	0	0	0	0	0	0	0	0	0	0	0	0	0	0	0	0	0	0	0	0	0	0	0	0	0	0	0	0	0	0	0	0	0	0	0	0	0	0	0	0	0	0	0	0	0	0	0	0	0	0	0	0	0	0	0	0	0	0	0	0	0	0	0	0	0	0	0	0	0	0	0	0	0	0	0	0	0	0	0	0	0	0	0	0	0	0	0	0	0	0	0	0	0	0	0	0	0	0	0	0	0	0	0	0	0	0	0	0	0	
					Safety Manager (소장)	81	2	0	0	0	0	0	0	0	0	0	0	0	0	0	0	0	0	0	0	0	0	0	0	0	0	0	0	0	0	0	0	0	0	0	0	0	0	0	0	0	0	0	0	0	0	0	0	0	0	0	0	0	0	0	0	0	0	0	0	0	0	0	0	0	0	0	0	0	0	0	0	0	0	0	0	0	0	0	0	0	0	0	0	0	0	0	0	0	0	0	0	0	0	0	0	0	0	0	0	0	0	0	0	0	0	0	0	0	0	0	0	0	0	0	0	0	0	0	0	0	0	0	0	0	0	0	0	0	0	0	0	0	0	0	0	0	0	0	0	0	1	0	0	0	0	0	0	1	1	1	1	1	1	0	2	2	2	2	2	2	0	2	2	2	2	2	2	0	2	2	2	2	2	2	0	2	2	2	2	2	2	0	2	2	2	2	2	2	0	1	1	1	1	1	1	1	1	1	1	1	1	1	1	0	0	0	0	0	0	0	0	0	0	0	0	0	0	0	0	0	0	0	0	0	0	0	0	0	0	0	0	0	0	0	0	0	0	0	0	0	0	0	0	0	0	0	0	0	0	0	0	0	0	0	0	0	0	0	0	0	0	0	0	0	0	0	0	0	0	0	0	0	0	0	0	0	0	0	0	0	0	0	0	0	0	0	0	0	0	0	0	0	0	0	0	0	0	0	0	0	0	0	0	0	0	0	0	0	0	0	0	0	0	0	0	0	0	0	0	0	0	0	0	0	0	0	0	0	0	0	0	0	0	0	0	0	0	0	0	0	0	0	0	0	0	0	0	0	0	0	0	0	0	0	0	0	0	0	0	0	0	0	0	0	0	0	
					Supervisor (탈,부착)	18	2	0	0	0	0	0	0	0	0	0	0	0	0	0	0	0	0	0	0	0	0	0	0	0	0	0	0	0	0	0	0	0	0	0	0	0	0	0	0	0	0	0	0	0	0	0	0	0	0	0	0	0	0	0	0	0	0	0	0	0	0	0	0	0	0	0	0	0	0	0	0	0	0	0	0	0	0	0	0	0	0	0	0	0	0	0	0	0	0	0	0	0	0	0	0	0	0	0	0	0	0	0	0	0	0	0	0	0	0	0	0	0	0	0	0	0	0	0	0	0	0	0	0	0	0	0	0	0	0	0	0	0	0	0	0	0	0	0	0	0	0	0	0	0	0	0	0	2	2	2	2	2	2	0	1	1	1	1	1	1	0	0	0	0	0	0	0	0	0	0	0	0	0	0	0	0	0	0	0	0	0	0	0	0	0	0	0	0	0	0	0	0	0	0	0	0	0	0	0	0	0	0	0	0	0	0	0	0	0	0	0	0	0	0	0	0	0	0	0	0	0	0	0	0	0	0	0	0	0	0	0	0	0	0	0	0	0	0	0	0	0	0	0	0	0	0	0	0	0	0	0	0	0	0	0	0	0	0	0	0	0	0	0	0	0	0	0	0	0	0	0	0	0	0	0	0	0	0	0	0	0	0	0	0	0	0	0	0	0	0	0	0	0	0	0	0	0	0	0	0	0	0	0	0	0	0	0	0	0	0	0	0	0	0	0	0	0	0	0	0	0	0	0	0	0	0	0	0	0	0	0	0	0	0	0	0	0	0	0	0	0	0	0	0	0	0	0	0	0	0	0	0	0	0	0	0	0	0	0	0	0	0	0	0	0	0	
					Total Manday	689	Daily Peak	0	0	0	0	0	0	0	0	0	0	0	0	0	0	0	0	0	0	0	0	0	0	0	0	0	0	0	0	0	0	0	0	0	0	0	0	0	0	0	0	0	0	0	0	0	0	0	0	0	0	0	0	0	0	0	0	0	0	0	0	0	0	0	0	0	0	0	0	0	0	0	0	0	0	0	0	0	0	0	0	0	0	0	0	0	0	0	0	0	0	0	0	0	0	0	0	0	0	0	0	0	0	0	0	0	0	0	0	0	0	0	0	0	0	0	0	0	0	0	0	0	0	0	0	0	0	0	0	0	0	0	0	0	0	0	0	0	0	0	3	0	0	0	0	0	0	10	10	10	10	10	10	0	19	19	19	19	19	19	0	24	24	24	24	20	20	0	18	18	18	18	18	18	0	16	16	16	16	16	16	0	10	10	10	10	10	10	0	8	8	8	8	8	8	8	8	8	8	8	8	8	8	0	0	0	0	0	0	0	0	0	0	0	0	0	0	0	0	0	0	0	0	0	0	0	0	0	0	0	0	0	0	0	0	0	0	0	0	0	0	0	0	0	0	0	0	0	0	0	0	0	0	0	0	0	0	0	0	0	0	0	0	0	0	0	0	0	0	0	0	0	0	0	0	0	0	0	0	0	0	0	0	0	0	0	0	0	0	0	0	0	0	0	0	0	0	0	0	0	0	0	0	0	0	0	0	0	0	0	0	0	0	0	0	0	0	0	0	0	0	0	0	0	0	0	0	0	0	0	0	0	0	0	0	0	0	0	0	0	0	0	0	0	0	0	0	0	0	0	0	0	0	0	0	0	0	0	0	0	0	0	0	0	0	0	
																																																																																																																																																																																																																																																																																																																																																																																					
